[gd_scene format=3 uid="uid://c7h8dvoectsor"]

[ext_resource type="PackedScene" uid="uid://cdt26gvlaj5fq" path="res://art/models/forest/platform_8.glb" id="1_m0w1e"]
[ext_resource type="PackedScene" uid="uid://cgd6u84wsppd5" path="res://art/models/forest/grass_clump_sm.glb" id="2_sfu7s"]
[ext_resource type="PackedScene" uid="uid://db4aqcn0sf7d2" path="res://art/models/forest/grass_clump_md.glb" id="3_rl0p0"]
[ext_resource type="PackedScene" uid="uid://bkucri1l7xafl" path="res://art/models/forest/grass_clump_lg.glb" id="4_j8yay"]

[sub_resource type="BoxShape3D" id="BoxShape3D_ubc8i"]
size = Vector3(8, 1, 4)

[node name="Platform_Straight_8m" type="Node3D" unique_id=958878243]

[node name="platform_8" parent="." unique_id=1144498802 instance=ExtResource("1_m0w1e")]

[node name="CollisionArea" type="StaticBody3D" parent="platform_8" unique_id=369305945]
transform = Transform3D(1, 0, 0, 0, 1, 0, 0, 0, 1, 0, 0.5075749, 0)

[node name="CollisionShape3D" type="CollisionShape3D" parent="platform_8/CollisionArea" unique_id=1126984971]
shape = SubResource("BoxShape3D_ubc8i")

[node name="grass_clump_sm" parent="." unique_id=32938206 instance=ExtResource("2_sfu7s")]
transform = Transform3D(0.51115805, 0, 0.8594867, 0, 1, 0, -0.8594867, 0, 0.51115805, -3.5349755, 1.0905113, 1.37436)

[node name="grass_clump_sm2" parent="." unique_id=1699885713 instance=ExtResource("2_sfu7s")]
transform = Transform3D(0.51115805, 0, 0.8594867, 0, 1, 0, -0.8594867, 0, 0.51115805, -2.525499, 1.0637898, 1.6580328)

[node name="grass_clump_sm3" parent="." unique_id=110031016 instance=ExtResource("2_sfu7s")]
transform = Transform3D(0.91949934, 0, -0.39309153, -0.039587863, 0.9949159, -0.09260188, 0.39109302, 0.100709006, 0.91482455, -1.8751718, 1.032014, 1.2501413)

[node name="grass_clump_sm4" parent="." unique_id=843238446 instance=ExtResource("2_sfu7s")]
transform = Transform3D(0.51115805, 0, 0.8594867, 0, 1, 0, -0.8594867, 0, 0.51115805, -0.669469, 1.0905113, 1.605835)

[node name="grass_clump_sm5" parent="." unique_id=1696345807 instance=ExtResource("2_sfu7s")]
transform = Transform3D(0.51115805, 0, 0.8594867, 0, 1, 0, -0.8594867, 0, 0.51115805, -0.8180326, 1.0905113, 1.37436)

[node name="grass_clump_sm6" parent="." unique_id=397629415 instance=ExtResource("2_sfu7s")]
transform = Transform3D(0.7502076, -0.19425145, 0.6320244, 0.14855872, 0.9809518, 0.12515567, -0.6442971, 4.440892e-16, 0.7647752, 0.37810814, 1.0128587, 1.37436)

[node name="grass_clump_sm7" parent="." unique_id=343308645 instance=ExtResource("2_sfu7s")]
transform = Transform3D(0.51115805, 0, 0.8594867, 0, 1, 0, -0.8594867, 0, 0.51115805, 0.76541394, 1.0905113, 1.2501413)

[node name="grass_clump_sm8" parent="." unique_id=1014620858 instance=ExtResource("2_sfu7s")]
transform = Transform3D(-0.8768574, -0.3162617, 0.36207712, -0.29232067, 0.948672, 0.12070677, -0.38166735, 0, -0.9242999, 1.8524864, 1.0457089, 1.37436)

[node name="grass_clump_sm9" parent="." unique_id=374814880 instance=ExtResource("2_sfu7s")]
transform = Transform3D(-0.93715036, 0.29904076, 0.17978828, 0.29368514, 0.9542403, -0.056342237, -0.18840985, 0, -0.98209053, 2.2858653, 1.022137, 1.605835)

[node name="grass_clump_sm10" parent="." unique_id=19049840 instance=ExtResource("2_sfu7s")]
transform = Transform3D(0.9999077, 0, 0.01359576, 0, 1, 0, -0.01359576, 0, 0.9999077, 2.4887662, 1.0905113, 1.37436)

[node name="grass_clump_sm11" parent="." unique_id=1653719745 instance=ExtResource("2_sfu7s")]
transform = Transform3D(0.8507472, -0.5086207, 0.13241726, 0.50256944, 0.8609907, 0.078224026, -0.15379639, 0, 0.9881027, 2.894443, 0.9914777, 1.37436)

[node name="grass_clump_sm12" parent="." unique_id=1075392915 instance=ExtResource("2_sfu7s")]
transform = Transform3D(-0.97262865, -0.048505485, 0.22724691, -0.022018488, 0.9928083, 0.11767314, -0.23132041, 0.10944866, -0.9667018, 2.9614012, 0.9658618, 1.565982)

[node name="grass_clump_md" parent="." unique_id=618539002 instance=ExtResource("3_rl0p0")]
transform = Transform3D(0.9969269, 0, -0.0783373, 0, 1, 0, 0.0783373, 0, 0.9969269, -2.8122969, 1.0075748, -1.3795272)

[node name="grass_clump_md3" parent="." unique_id=1751177778 instance=ExtResource("3_rl0p0")]
transform = Transform3D(0.7770912, 0, -0.6293882, 0, 1, 0, 0.6293882, 0, 0.7770912, -0.8892616, 1.0075748, -1.3795272)

[node name="grass_clump_md4" parent="." unique_id=2122399104 instance=ExtResource("3_rl0p0")]
transform = Transform3D(-0.8158451, 0, -0.5782708, 0, 1, 0, 0.5782708, 0, -0.8158451, -0.36462134, 1.0075748, -1.6679255)

[node name="grass_clump_md6" parent="." unique_id=1685880241 instance=ExtResource("3_rl0p0")]
transform = Transform3D(-0.94924474, 0, -0.31453943, -0.028015442, 0.99602556, 0.08454746, 0.3132893, 0.08906814, -0.945472, 2.8077843, 0.92560494, -1.6679255)

[node name="grass_clump_md7" parent="." unique_id=1020539890 instance=ExtResource("3_rl0p0")]
transform = Transform3D(0.82937515, 0.07037477, -0.55424255, -0.028015442, 0.9960255, 0.08454745, 0.5579897, -0.054594174, 0.8280504, 2.1258042, 0.92560494, -1.6679255)

[node name="grass_clump_md8" parent="." unique_id=1220861002 instance=ExtResource("3_rl0p0")]
transform = Transform3D(0.8293752, 0.07037477, -0.5542425, -0.123837225, 0.9905145, -0.059541173, 0.54479504, 0.11801776, 0.83022326, 3.691693, 1.0346235, -1.6679255)

[node name="grass_clump_md9" parent="." unique_id=659568105 instance=ExtResource("3_rl0p0")]
transform = Transform3D(0.8897634, 0.08427653, -0.44857457, -0.12383723, 0.9905145, -0.05954118, 0.43930173, 0.108527735, 0.89176035, 3.4282377, 1.0346235, 1.212829)

[node name="grass_clump_md10" parent="." unique_id=1884007260 instance=ExtResource("3_rl0p0")]
transform = Transform3D(0.8897634, 0.08427653, -0.44857457, -0.12383723, 0.9905145, -0.05954118, 0.43930173, 0.108527735, 0.89176035, 1.2245791, 1.0346235, 1.48092)

[node name="grass_clump_md11" parent="." unique_id=709101109 instance=ExtResource("3_rl0p0")]
transform = Transform3D(0.8971067, -0.104994304, -0.42915767, 0.23081282, 0.93963623, 0.25260454, 0.37673002, -0.32566807, 0.8671882, -0.2746632, 0.99944043, 1.2706522)

[node name="grass_clump_md12" parent="." unique_id=800985558 instance=ExtResource("3_rl0p0")]
transform = Transform3D(0.8897634, 0.08427653, -0.44857457, -0.21676967, 0.94291764, -0.25281826, 0.40166226, 0.32218558, 0.8572424, -1.2854238, 0.9577075, 1.2706522)

[node name="grass_clump_md13" parent="." unique_id=261629202 instance=ExtResource("3_rl0p0")]
transform = Transform3D(0.8224657, 0.2478039, 0.512, -0.21827263, 0.9687011, -0.11821559, -0.5252692, -0.014527308, 0.8508123, -3.1728532, 0.9897878, 1.4926447)

[node name="grass_clump_md5" parent="." unique_id=1866497053 instance=ExtResource("3_rl0p0")]
transform = Transform3D(-0.12069139, 0, 0.9926903, 0, 1, 0, -0.9926903, 0, -0.12069139, 0.15091395, 1.0075748, -1.3917376)

[node name="grass_clump_lg" parent="." unique_id=1567696975 instance=ExtResource("4_j8yay")]
transform = Transform3D(0.576147, 0, 0.81734604, 0, 1, 0, -0.81734604, 0, 0.576147, -3.492261, 1.0075746, -1.5797021)

[node name="grass_clump_md2" parent="." unique_id=1836413347 instance=ExtResource("3_rl0p0")]
transform = Transform3D(-0.83751863, 0, 0.54640895, 0, 1, 0, -0.54640895, 0, -0.83751863, -2.240449, 1.0075748, -1.7303588)

[node name="grass_clump_lg2" parent="." unique_id=670004685 instance=ExtResource("4_j8yay")]
transform = Transform3D(-0.8973199, 0, -0.4413806, -0.09526147, 0.9764318, 0.19366509, 0.43097803, 0.21582614, -0.8761717, -1.6778404, 0.8823316, -1.419512)

[node name="grass_clump_lg3" parent="." unique_id=219421252 instance=ExtResource("4_j8yay")]
transform = Transform3D(-0.40952075, -0.021719685, 0.91204226, -0.12736703, 0.99128693, -0.03358289, -0.90336615, -0.12991704, -0.40871888, 0.8588222, 0.8911166, -1.3944349)
